A=54, B=37
A-B
A+45
B-A
